7.781512503836436334e-01
4.771212547196624354e-01
9.542425094393248708e-01
1.176091259055681348e+00
1.380211241711606140e+00
1.397940008672037715e+00
1.380211241711606140e+00
1.397940008672037715e+00
1.380211241711606140e+00
1.447158031342219209e+00
1.361727836017592841e+00
1.414973347970817974e+00
1.431363764158987362e+00
1.361727836017592841e+00
1.462397997898956081e+00
1.380211241711606140e+00
1.380211241711606140e+00
1.380211241711606140e+00
1.477121254719662380e+00
1.414973347970817974e+00
1.380211241711606140e+00
1.414973347970817974e+00
1.380211241711606140e+00
1.414973347970817974e+00
1.361727836017592841e+00
1.477121254719662380e+00
1.447158031342219209e+00
1.414973347970817974e+00
1.380211241711606140e+00
1.414973347970817974e+00
1.462397997898956081e+00
1.361727836017592841e+00
1.447158031342219209e+00
1.414973347970817974e+00
1.342422680822206171e+00
1.414973347970817974e+00
1.380211241711606140e+00
1.414973347970817974e+00
1.414973347970817974e+00
1.397940008672037715e+00
1.414973347970817974e+00
1.380211241711606140e+00
1.255272505103306013e+00
1.255272505103306013e+00
1.342422680822206171e+00
1.255272505103306013e+00
1.301029995663981254e+00
1.301029995663981254e+00
1.342422680822206171e+00
1.176091259055681348e+00
1.301029995663981254e+00
1.380211241711606140e+00
1.230448921378273885e+00
1.176091259055681348e+00
1.230448921378273885e+00
1.301029995663981254e+00
1.176091259055681348e+00
1.146128035678237955e+00
