4.487110081755433022e+00
4.561697532653993470e+00
4.543906705006406810e+00
4.495100103285080806e+00
4.448273355207350122e+00
4.379124146070392243e+00
4.337718762057448885e+00
4.270445908017962644e+00
4.198986805670933187e+00
4.183924351757000615e+00
4.081383317462285554e+00
4.093841766912127866e+00
4.006594386184136880e+00
4.011697288114142168e+00
3.966798546383361046e+00
3.890141460064577394e+00
3.885474302829157178e+00
3.808210972924221949e+00
3.783260232872948770e+00
3.753889331459833389e+00
3.699143687394483848e+00
3.670802284260943793e+00
3.642860052584491637e+00
3.615529223637132805e+00
3.545307116465824304e+00
3.518645524330311414e+00
3.496652939250918024e+00
3.416474079100220607e+00
3.394101302040044565e+00
3.372912002970106737e+00
3.323870606540508810e+00
3.246252312299322096e+00
3.267875419318897467e+00
3.192846115188841871e+00
3.117271295655764440e+00
3.144885418287142187e+00
3.085290578230065250e+00
3.028977705208777849e+00
2.962842681201242279e+00
3.051923916046106466e+00
2.923244018630276386e+00
2.868056361823041467e+00
2.918030336784880330e+00
2.828659896535319795e+00
2.753583058892906443e+00
2.744292983122676333e+00
2.786751422145561374e+00
2.664641975556125697e+00
2.537819095073273967e+00
2.488550716500444349e+00
2.287801729930226013e+00
2.033423755486949869e+00
1.939519252618618461e+00
1.838849090737255221e+00
1.845098040014256924e+00
1.826074802700826449e+00
1.732393759822968615e+00
1.806179973983887077e+00
