4.521543410431505094e+00
4.591153683938287600e+00
4.554246808166110938e+00
4.486430478854433801e+00
4.417122788878018902e+00
4.333326340403454324e+00
4.284769013349019495e+00
4.200959878391845592e+00
4.110993517377995232e+00
4.098574510025707163e+00
4.006850960324271682e+00
4.021850577434324947e+00
3.930592488442598231e+00
3.941759813814695423e+00
3.905093968327871146e+00
3.832061614590727139e+00
3.834229902851677529e+00
3.765445018090149976e+00
3.743666521446213036e+00
3.716337287889548868e+00
3.668106237932731162e+00
3.652343055062714949e+00
3.625312450961673871e+00
3.612571954065176172e+00
3.536179532137225134e+00
3.534660575828444617e+00
3.516931808868013043e+00
3.447313108823568228e+00
3.451632947456990674e+00
3.444513206334042899e+00
3.403635189790548132e+00
3.333850145102545071e+00
3.393048466416778375e+00
3.328379603438737622e+00
3.269279389771898803e+00
3.329194415088450931e+00
3.281033367247727650e+00
3.201397124320451315e+00
3.150142161848558775e+00
3.271841606536499025e+00
3.176958980586908066e+00
3.098989639401177332e+00
3.164947372621841559e+00
3.129689892199301049e+00
3.070776462843434640e+00
3.031408464251624135e+00
3.125806458139527066e+00
3.007747778000740002e+00
2.883661435153617614e+00
2.853698211776174443e+00
2.646403726223069519e+00
2.305351369446623888e+00
2.041392685158224918e+00
1.869231719730976238e+00
1.826074802700826449e+00
1.832508912706236393e+00
1.740362689494243886e+00
1.792391689498253893e+00
