6.020599913279623960e-01
4.771212547196624354e-01
9.030899869919435385e-01
1.146128035678237955e+00
1.342422680822206171e+00
1.361727836017592841e+00
1.431363764158987362e+00
1.361727836017592841e+00
1.397940008672037715e+00
1.397940008672037715e+00
1.342422680822206171e+00
1.380211241711606140e+00
1.380211241711606140e+00
1.322219294733919304e+00
1.414973347970817974e+00
1.414973347970817974e+00
1.342422680822206171e+00
1.255272505103306013e+00
1.462397997898956081e+00
1.342422680822206171e+00
1.342422680822206171e+00
1.380211241711606140e+00
1.397940008672037715e+00
1.322219294733919304e+00
1.380211241711606140e+00
1.431363764158987362e+00
1.431363764158987362e+00
1.397940008672037715e+00
1.361727836017592841e+00
1.431363764158987362e+00
1.397940008672037715e+00
1.380211241711606140e+00
1.380211241711606140e+00
1.342422680822206171e+00
1.361727836017592841e+00
1.380211241711606140e+00
1.322219294733919304e+00
1.414973347970817974e+00
1.361727836017592841e+00
1.342422680822206171e+00
1.414973347970817974e+00
1.322219294733919304e+00
1.278753600952828862e+00
1.278753600952828862e+00
1.342422680822206171e+00
1.255272505103306013e+00
1.301029995663981254e+00
1.301029995663981254e+00
1.301029995663981254e+00
1.204119982655924792e+00
1.204119982655924792e+00
1.342422680822206171e+00
1.204119982655924792e+00
1.255272505103306013e+00
1.301029995663981254e+00
1.278753600952828862e+00
1.113943352306836720e+00
1.204119982655924792e+00
