6.032771824693671014e+00
6.088947549450931085e+00
6.043491564553225892e+00
5.985572860992386168e+00
5.924138117414115001e+00
5.849096798096608651e+00
5.803353309593659581e+00
5.721972106471162611e+00
5.651137427183479112e+00
5.652491952603925007e+00
5.552327459341550586e+00
5.563685132127313970e+00
5.466084294939363986e+00
5.476317065823838703e+00
5.426185825244511207e+00
5.350151066780706621e+00
5.350738261636891480e+00
5.275831735240137377e+00
5.253030109383560742e+00
5.228012606064423196e+00
5.177940307008608301e+00
5.161230204195732973e+00
5.131612249316785501e+00
5.111910782178094692e+00
5.042929733343159526e+00
5.029440597545175251e+00
5.012719148019329829e+00
4.942573508416297834e+00
4.947864861248386426e+00
4.923238836087636905e+00
4.881310460836906451e+00
4.816367260275620232e+00
4.868967541402589028e+00
4.801479173275886581e+00
4.731548476260330816e+00
4.778802204013238963e+00
4.733181209560923364e+00
4.670672514069240222e+00
4.618131808061986199e+00
4.713901961883968816e+00
4.611287733324417104e+00
4.549383409977916237e+00
4.624818185564731898e+00
4.569596267645642307e+00
4.503218507930033532e+00
4.464951317261530050e+00
4.560982055586235262e+00
4.442542478541404272e+00
4.341909120179767712e+00
4.299594453924922455e+00
4.066512277856595858e+00
3.666611568419030132e+00
3.215901813204031789e+00
2.758911892397973631e+00
2.079181246047624665e+00
1.845098040014256924e+00
1.755874855672491464e+00
1.785329835010767141e+00
